[1.         0.         0.         0.48749995 1.         0.
 0.         0.15779646 1.         0.         0.         0.21460317

 [1.         0.         0.         0.7714285  1.         0.
 0.         0.45607656 1.         0.         0.         0.44087324] close to target

 [1.         0.         0.         0.22857141 1.         0.
 0.         0.38006368 1.         0.         0.         0.66829854] close to walls

 [1.         0.         0.         0.7714285  1.         0.
 0.         0.45607656 1.         0.         0.         0.44087324] no target

 [1.         0.         0.         0.7714285  1.         0.
 0.         0.45607656 1.         0.         0.         0.44087324] with target tagged as wall
